74.75295931     -59.99447140
-8.58597225     -59.99386184
-8.56368606     -9.26319412
-13.49933566    -9.39936799
-17.21970391    -9.60365751
-13.80669423    -9.40784588
-13.49933566    -9.39936799
-31.05092960    15.78432376
-34.07574131    20.22083407
-35.28566869    23.97832881
-39.92371991    26.72649027
-40.12474491    45.04816980
-35.00080728    45.04346467
-30.20744299    45.03906275
-15.07360175    45.02516372
-8.38287316     47.05076918
-5.64841042     48.88685196
-3.37938279     49.68605327
-1.34307272     50.24895239
0.92595491      50.65754388
1.97320188      51.17244830
3.19498253      52.36357746
4.35858829      53.73079423
4.53313095      54.17688636
4.53313095      55.78277977
3.77678541      57.54448925
3.48588397      59.37344161
3.71860153      61.08035510
4.06768685      62.29611030
5.87127038      63.43847466
8.22390421      65.25959367
10.02375074     67.28833927
13.71342806     69.79011058
19.29293615     71.40476061
25.08345851     72.00902418
59.94714655     72.01042065
89.92498759     72.01162270
89.92498759     60.00000000
89.92527506     20.06594354
79.98778799     20.06578651
80.11317484     10.58646570
78.67116321     8.40812337
78.54577636     -0.08216599
74.59590202     -4.93612343
74.65589152     -24.28856443
74.75295931     -59.99447140
