-41.50703653    45.04944021
-59.98871692    45.06640817
-61.96684311    44.52788872
-63.13044887    43.90023058
-64.81767362    43.01019722
-66.62126164    43.56272766
-66.44671898    44.65261007
-66.91216308    45.10762268
-67.84304229    46.89146919
-69.41390826    47.24922218
-71.21749740    45.18996506
-75.05739100    45.02516372
-76.68643636    43.73171691
-78.19911845    43.68951448
-79.13000665    43.35081466
-79.13000665    42.79634053
-80.35178730    42.45261818
-82.67899824    41.58495212
-82.79535702    41.67225725
-83.26080112    42.06364381
-82.67899824    42.49568758
-82.15537924    43.60501986
-82.50445558    45.27218454
-84.07532155    46.41070621
-88.14793285    48.19142771
-90.24242680    48.07459069
-95.07138335    48.96352720
-122.53243187   49.00182042
-122.76515841   48.30800037
-123.63786273   48.26917352
-130.85094909   48.26194033
-135.07244836   51.57570489
-135.57695115   52.25836809
-149.99964564   55.76184920
-165.13459133   51.02979320
-178.51007070   48.46997360
177.56974429    47.67383419
174.48112074    47.10915432
172.69921356    46.62029070
163.77428649    43.91026289
164.12666667    43.50190422
165.05202539    42.41621555
165.00000000    28.00000000
155.02639024    28.01678841
155.00000000    22.00000000
129.63629597    22.00192579
129.63542513    14.14954879
129.63608743    10.96662779
159.82120666    10.96708948
159.78638051    -0.07543491
159.78638051    0.00000000
-140.02659876   -0.26481895
-140.01321786   -13.00000016
-89.99173396    -12.69464460
-29.06005631    -12.28873772
-17.21970391    -9.60365751
-13.49933566    -9.39936799
-31.05092960    15.78432376
-34.07574131    20.22083407
-35.28566869    23.97832881
-39.92371991    26.72649027
-40.12474491    45.04816980
-41.50703653    45.04944021
