 0.00000000     80.00000000
 0.00000000     72.00725554
-15.0000000     72.00725554
-19.06695455    72.00725554
-18.95372191    69.94510448
-35.69226416    64.22163455
-35.00083373    45.02898041
-30.20744299    45.03906275
-15.07360175    45.02516372
-8.38287316     47.05076918
-5.64841042     48.88685196
-3.37938279     49.68605327
-1.34307272     50.24895239
0.92595491      50.65754388
1.97320188      51.17244830
3.19498253      52.36357746
4.35858829      53.73079423
4.53313095      54.17688636
4.53313095      55.78277977
3.77678541      57.54448925
3.48588397      59.37344161
3.71860153      61.08035510
4.06768685      62.29611030
5.87127038      63.43847466
8.22390421      65.25959367
10.02375074     67.28833927
13.71342806     69.79011058
19.29293615     71.40476061
25.08345851     72.00902418
59.94714655     72.01042065
59.94714655     80.00000000
