179.72231432    59.82602412
178.40129678    58.90740527
177.80733071    57.59240616
176.85698501    56.36000298
175.55025966    55.42550421
173.88714569    54.53739235
172.81800678    53.91092990
171.15489281    53.34603216
169.01662395    52.62918350
167.59109641    52.12025731
165.92799143    51.30856555
163.67092038    50.25424278
160.10710602    47.99377711
163.77428649    43.91026289
164.12666667    43.50190422
165.05202539    42.41621555
165.00000000    28.00000000
155.02639024    28.01678841
155.00000000    22.00000000
129.63629597    22.00192579
129.63542513    14.14954879
129.63608743    10.96662779
99.86546373     10.96617242
99.86542729     20.03334007
90.10903344     20.00000212
90.00721920     19.99997820
89.92527506     20.06594354
89.92498759     60.00000000
90.00474785     59.91886659
150.00266984    59.85987440
179.72231432    59.82602412
