 0.00000000     80.00000000
 0.00000000     72.00725554
-15.0000000     72.00725554
-19.06695455    72.00725554
-18.95372191    69.94510448
-35.69226416    64.22163455
-35.00083373    45.02898041
-40.12474491    45.04816980
-41.50703653    45.04944021
-59.98871692    45.06640817
-61.96684311    44.52788872
-63.13044887    43.90023058
-64.81767362    43.01019722
-66.62126164    43.56272766
-66.44671898    44.65261007
-66.91216308    45.10762268
-67.84304229    46.89146919
-69.41390826    47.24922218
-71.21749740    45.18996506
-75.05739100    45.02516372
-76.68643636    43.73171691
-78.19911845    43.68951448
-79.13000665    43.35081466
-79.13000665    42.79634053
-80.35178730    42.45261818
-82.67899824    41.58495212
-82.79535702    41.67225725
-83.26080112    42.06364381
-82.67899824    42.49568758
-82.15537924    43.60501986
-82.50445558    45.27218454
-84.07532155    46.41070621
-88.14793285    48.19142771
-90.24242680    48.07459069
-95.07138335    48.96352720
-122.53243187   49.00182042
-122.76515841   48.30800037
-123.63786273   48.26917352
-130.85094909   48.26194033
-135.07244836   51.57570489
-135.57695115   52.25836809
-135.88262793   52.66692779
-134.23103236   53.75770982
-133.69266303   54.09391091
-132.69550612   54.40306037
-131.53847603   54.51529316
-131.42629442   54.84034462
-131.42629442   55.22697011
-131.98723841   55.38695733
-132.26771041   55.54629711
-132.46088413   55.88117934
-132.88476318   56.27096570
-133.33352556   57.04331626
-133.78226998   57.19588310
-134.34321398   57.55947642
-134.96026675   57.88960226
-135.52121074   58.18709752
-136.02416399   58.45443012
-136.26354705   58.69201604
-136.55080582   58.84123657
-136.90988490   58.97745914
-137.24501938   59.11314107
-137.69984988   59.32177971
-138.10680018   59.51697780
-138.58557079   59.71104880
-140.10375955   60.05000804
-140.04373412   80.00000000
