150.01107415    80.00000000
150.01107415    71.99960307
150.00000000    60.00000000
150.00266984    59.85987440
179.72231432    59.82602412
178.40129678    58.90740527
177.80733071    57.59240616
176.85698501    56.36000298
175.55025966    55.42550421
173.88714569    54.53739235
172.81800678    53.91092990
171.15489281    53.34603216
169.01662395    52.62918350
167.59109641    52.12025731
165.92799143    51.30856555
163.67092038    50.25424278
160.10710602    47.99377711
163.77428649    43.91026289
172.69921356    46.62029070
174.48112074    47.10915432
177.56974429    47.67383419
-178.51007070   48.46997360
-165.13459133   51.02979320
-149.99964564   55.76184920
-135.57695115   52.25836809
-135.88262793   52.66692779
-134.23103236   53.75770982
-133.69266303   54.09391091
-132.69550612   54.40306037
-131.53847603   54.51529316
-131.42629442   54.84034462
-131.42629442   55.22697011
-131.98723841   55.38695733
-132.26771041   55.54629711
-132.46088413   55.88117934
-132.88476318   56.27096570
-133.33352556   57.04331626
-133.78226998   57.19588310
-134.34321398   57.55947642
-134.96026675   57.88960226
-135.52121074   58.18709752
-136.02416399   58.45443012
-136.26354705   58.69201604
-136.55080582   58.84123657
-136.90988490   58.97745914
-137.24501938   59.11314107
-137.69984988   59.32177971
-138.10680018   59.51697780
-138.58557079   59.71104880
-140.10375955   60.05000804
-140.04373412   80.00000000
